*************************
dLeftHashTable Report
*************************
Number of flowID in dLeftHashTable : 877

flowID   index
29582   0
52367   1
12310   2
67453   3
56888   4
57363   5
48370   6
82893   7
29590   8
59439   9
99436   10
27683   11
39832   12
51435   13
64338   14
62625   15
92382   16
8693   17
48842   18
18937   19
54102   20
22635   21
63164   22
34885   23
1454   24
30893   25
59698   26
3143   27
36474   28
98983   29
67408   30
78085   31
53328   32
17161   33
3912   34
11239   35
63650   36
81857   37
40338   38
37427   39
24178   40
55115   41
12182   42
4621   43
78904   44
45413   45
87164   46
86879   47
72852   48
56187   49
70096   50
69669   51
0   52
5937   53
98734   54
15419   55
94948   56
23377   57
92936   58
84421   59
70856   60
67261   61
65204   62
89959   63
34986   64
86361   65
492   66
39113   67
2490   68
40191   69
6704   70
50957   71
93954   72
86187   73
71120   74
82993   75
31872   76
77459   77
69456   78
37951   79
10692   80
511   81
19222   82
43509   83
40904   84
47389   85
76012   86
97165   87
42454   88
75479   89
6200   90
3723   91
8720   92
76539   93
11980   94
54927   95
61988   96
50463   97
49278   98
22717   99
99300   100
24247   101
29244   102
45999   103
8470   104
9987   105
41492   106
51739   107
76490   108
14929   109
55942   110
97721   111
39980   112
2543   113
24968   114
33   115
52228   116
69913   117
79172   118
36759   119
34288   120
39171   121
78764   122
98193   123
55270   124
93547   125
9830   126
57023   127
11558   128
68741   129
63018   130
69995   131
96746   132
4771   133
7188   134
51839   135
77772   136
96211   137
61446   138
96209   139
72222   140
84587   141
70752   142
45975   143
91574   144
20949   145
34778   146
20519   147
25752   148
27531   149
71292   150
56761   151
93098   152
53799   153
48978   154
65019   155
24548   156
3579   157
43798   158
17291   159
62520   160
76837   161
87272   162
15781   163
35546   164
13049   165
0   166
15245   167
31488   168
92599   169
83802   170
13725   171
70722   172
37033   173
81498   174
73855   175
43876   176
16315   177
28318   178
47289   179
1046   180
40573   181
36044   182
75379   183
10352   184
95767   185
61558   186
13559   187
7246   188
56271   189
52544   190
48309   191
48774   192
86577   193
75644   194
54567   195
68800   196
68801   197
19616   198
41903   199
23758   200
47093   201
18406   202
82835   203
61158   204
15089   205
99846   206
44649   207
33400   208
60155   209
42064   210
69415   211
22294   212
79851   213
30292   214
92919   215
83384   216
10583   217
10914   218
74827   219
83602   220
73889   221
48522   222
28149   223
21782   224
95871   225
86558   226
26431   227
31556   228
59587   229
43092   230
55063   231
83686   232
63061   233
51350   234
77439   235
58412   236
44619   237
10124   238
96357   239
64798   240
56069   241
47066   242
19605   243
30636   244
6129   245
41354   246
90887   247
95608   248
8417   249
20356   250
29063   251
56948   252
41911   253
2048   254
83711   255
864   256
96619   257
12814   258
44895   259
51180   260
86123   261
12104   262
1719   263
94176   264
31423   265
2560   266
74421   267
84386   268
33131   269
60876   270
71925   271
11078   272
25715   273
75690   274
15371   275
65196   276
99433   277
78970   278
55923   279
50144   280
0   281
52976   282
84651   283
0   284
53837   285
99668   286
85235   287
10414   288
46945   289
90402   290
52103   291
54426   292
73705   293
1424   294
96243   295
37412   296
93899   297
80688   298
32945   299
2130   300
45409   301
70684   302
79209   303
63184   304
4111   305
92364   306
17435   307
40496   308
8673   309
24676   310
16955   311
97946   312
73669   313
66116   314
32239   315
2654   316
33467   317
51432   318
32941   319
87708   320
38667   321
60696   322
34461   323
13998   324
411   325
30526   326
47217   327
0   328
30247   329
0   330
20031   331
25194   332
11745   333
81780   334
38947   335
25928   336
96399   337
45632   338
26435   339
23212   340
85197   341
98750   342
27399   343
652   344
52541   345
90212   346
31945   347
0   348
13959   349
27732   350
11251   351
2216   352
37747   353
22658   354
48205   355
11458   356
11999   357
6938   358
92447   359
68444   360
48305   361
39442   362
2453   363
49408   364
38751   365
0   366
50535   367
91312   368
28255   369
79000   370
91327   371
57678   372
2967   373
62264   374
57227   375
76272   376
64819   377
95506   378
16303   379
84028   380
89483   381
14758   382
0   383
65334   384
67757   385
86230   386
85269   387
75576   388
40021   389
52494   390
39543   391
7032   392
77535   393
69254   394
92261   395
58776   396
13531   397
16004   398
39289   399
36852   400
42255   401
4064   402
51483   403
74544   404
26111   405
76242   406
67719   407
97572   408
61953   409
40966   410
59999   411
49488   412
50029   413
0   414
86465   415
4248   416
77105   417
62824   418
29039   419
53822   420
31251   421
0   422
72313   423
64294   424
40369   425
27580   426
57287   427
30734   428
8291   429
38282   430
79069   431
72548   432
23233   433
22984   434
0   435
93602   436
60235   437
0   438
94837   439
17058   440
34327   441
56024   442
61801   443
55744   444
0   445
50838   446
81149   447
47606   448
63303   449
68326   450
71557   451
4848   452
82111   453
49568   454
46655   455
14550   456
12851   457
84602   458
84325   459
99878   460
0   461
29116   462
3021   463
4590   464
75629   465
53760   466
34167   467
85314   468
71143   469
17028   470
60307   471
18598   472
79423   473
31586   474
44143   475
82594   476
16333   477
88368   478
1107   479
25644   480
39575   481
92112   482
77873   483
56838   484
45347   485
20124   486
25901   487
28828   488
28631   489
73628   490
37613   491
68546   492
76911   493
1876   494
68909   495
27852   496
36121   497
27112   498
43889   499
39697   500
68054   501
22679   502
42306   503
67201   504
0   505
15081   506
51310   507
42587   508
38934   509
55957   510
28932   511
70463   512
97090   513
28937   514
0   515
6189   516
81712   517
0   518
3568   519
20575   520
70344   521
49097   522
43596   523
16103   524
41324   525
33727   526
48100   527
18979   528
60454   529
34477   530
21358   531
27087   532
53332   533
13235   534
0   535
96337   536
42860   537
84739   538
0   539
91119   540
20236   541
0   542
37616   543
43623   544
72240   545
39223   546
78746   547
96603   548
0   549
55879   550
88226   551
85353   552
67724   553
29731   554
56254   555
6357   556
56482   557
35235   558
32632   559
10615   560
16614   561
79763   562
18484   563
89015   564
0   565
67395   566
10012   567
80123   568
98892   569
22399   570
4492   571
30999   572
5372   573
97379   574
6624   575
42003   576
0   577
84001   578
0   579
12159   580
0   581
77133   582
42782   583
56385   584
38534   585
96033   586
11032   587
35143   588
85784   589
91037   590
89266   591
26765   592
83670   593
1795   594
39398   595
46269   596
61650   597
92649   598
22298   599
56179   600
88154   601
74779   602
0   603
25777   604
99928   605
23307   606
53528   607
50663   608
70558   609
19915   610
99414   611
12667   612
93666   613
72165   614
45688   615
23067   616
58542   617
85565   618
14422   619
81293   620
0   621
89697   622
82426   623
10949   624
0   625
27201   626
76802   627
38825   628
32054   629
8959   630
53958   631
0   632
46432   633
16209   634
0   635
0   636
71586   637
713   638
26212   639
50313   640
0   641
68947   642
0   643
66095   644
92840   645
76347   646
10974   647
22227   648
62098   649
65479   650
73200   651
18349   652
75730   653
59229   654
56576   655
43981   656
75480   657
0   658
9104   659
68357   660
81484   661
46863   662
68362   663
23591   664
55590   665
33217   666
23842   667
9469   668
43746   669
16475   670
95720   671
32751   672
66496   673
88875   674
82502   675
24373   676
82754   677
0   678
8006   679
72377   680
52734   681
0   682
0   683
0   684
60262   685
14363   686
27514   687
28267   688
84638   689
26137   690
0   691
56889   692
17016   693
96499   694
29522   695
44021   696
36122   697
83899   698
70002   699
0   700
24000   701
28277   702
98506   703
50259   704
76782   705
37129   706
71756   707
10905   708
21634   709
79657   710
45260   711
0   712
98290   713
71765   714
0   715
57041   716
42666   717
0   718
72546   719
0   720
43146   721
19645   722
67898   723
28025   724
0   725
0   726
50800   727
7283   728
14654   729
44535   730
36152   731
3287   732
37904   733
59181   734
55180   735
57061   736
0   737
29185   738
54938   739
95667   740
36818   741
34047   742
73316   743
54941   744
82044   745
76693   746
79296   747
65445   748
18198   749
24391   750
0   751
7619   752
96320   753
0   754
14822   755
1019   756
0   757
39473   758
57876   759
28749   760
87692   761
39477   762
0   763
1157   764
5946   765
7907   766
48794   767
0   768
0   769
12743   770
62016   771
40389   772
70680   773
24165   774
0   775
69305   776
70144   777
69033   778
0   779
31785   780
98752   781
70675   782
0   783
43119   784
60666   785
0   786
3926   787
36679   788
9324   789
0   790
11020   791
89409   792
83312   793
91187   794
0   795
66019   796
61058   797
11287   798
94810   799
0   800
56416   801
5339   802
0   803
0   804
34470   805
47513   806
0   807
0   808
0   809
66033   810
0   811
27527   812
49156   813
33159   814
0   815
0   816
0   817
63775   818
0   819
0   820
28074   821
59367   822
84262   823
0   824
0   825
10283   826
78048   827
35961   828
0   829
90319   830
88938   831
95079   832
0   833
14669   834
0   835
90309   836
19428   837
0   838
82706   839
63273   840
81078   841
605   842
70604   843
0   844
43808   845
0   846
35704   847
83007   848
0   849
55161   850
0   851
31969   852
67670   853
0   854
22020   855
64989   856
0   857
3347   858
43572   859
1655   860
50396   861
0   862
46520   863
12475   864
18570   865
0   866
0   867
0   868
59050   869
13931   870
0   871
62781   872
5264   873
29387   874
59040   875
0   876
0   877
24989   878
58536   879
0   880
0   881
25517   882
25516   883
94041   884
0   885
7777   886
90358   887
47997   888
0   889
50935   890
71556   891
13139   892
0   893
99141   894
84212   895
0   896
5812   897
20743   898
70790   899
49913   900
30694   901
66939   902
52808   903
0   904
41522   905
7289   906
0   907
59477   908
0   909
0   910
1592   911
56005   912
0   913
81153   914
91724   915
0   916
51098   917
88125   918
0   919
46207   920
46456   921
56031   922
63628   923
0   924
51630   925
0   926
30592   927
0   928
0   929
82169   930
33838   931
59517   932
0   933
45423   934
0   935
5997   936
22754   937
52571   938
0   939
12663   940
99332   941
64407   942
53810   943
0   944
0   945
42467   946
69352   947
94945   948
99880   949
12213   950
0   951
10643   952
0   953
11337   954
0   955
58727   956
6000   957
0   958
58744   959
63917   960
0   961
44725   962
70982   963
72307   964
0   965
82077   966
68574   967
0   968
89334   969
60709   970
99902   971
36339   972
0   973
89591   974
78196   975
0   976
59432   977
27337   978
40506   979
97887   980
18274   981
455   982
38002   983
30143   984
96674   985
0   986
0   987
0   988
61378   989
67285   990
56220   991
11899   992
76706   993
63813   994
0   995
11629   996
0   997
0   998
73510   999
