*************************
multiHashTable Report
*************************
Number of flowID in multiHashTable : 818

flowID   index
98506   0
59587   1
40496   2
76012   3
59181   4
79423   5
0   6
50800   7
83602   8
39832   9
44021   10
56385   11
66019   12
26431   13
61953   14
47389   15
82594   16
52808   17
46269   18
56761   19
21358   20
89266   21
0   22
22717   23
42666   24
10643   25
69456   26
62625   27
74827   28
59439   29
63628   30
39477   31
57287   32
95667   33
33400   34
89409   35
0   36
83711   37
0   38
67453   39
0   40
68054   41
11251   42
0   43
29590   44
27399   45
68444   46
56838   47
81498   48
45347   49
0   50
11745   51
29582   52
0   53
99332   54
85565   55
39442   56
0   57
0   58
42860   59
83686   60
1719   61
18484   62
40573   63
56889   64
0   65
53328   66
0   67
30694   68
36759   69
81484   70
0   71
22658   72
37427   73
67408   74
99433   75
83670   76
73479   77
99436   78
62016   79
96746   80
89334   81
0   82
86361   83
0   84
44882   85
0   86
15781   87
52103   88
93547   89
28149   90
0   91
94614   92
39543   93
37412   94
7032   95
73855   96
57363   97
55923   98
0   99
99414   100
33727   101
77772   102
3926   103
76911   104
17435   105
12315   106
78308   107
23758   108
45423   109
10692   110
8693   111
0   112
0   113
0   114
45409   115
48774   116
0   117
87692   118
45413   119
0   120
79296   121
32632   122
8673   123
23067   124
0   125
652   126
0   127
96337   128
26435   129
62520   130
42306   131
0   132
50463   133
97572   134
99928   135
84602   136
0   137
31488   138
0   139
66939   140
43146   141
0   142
13725   143
33159   144
52571   145
0   146
25777   147
98750   148
41324   149
67201   150
70344   151
0   152
84587   153
92840   154
0   155
0   156
0   157
5812   158
0   159
11337   160
0   161
75576   162
0   163
98734   164
0   165
82169   166
26765   167
31586   168
79763   169
68800   170
44649   171
14822   172
60970   173
78764   174
11629   175
0   176
0   177
49408   178
38002   179
86123   180
0   181
24929   182
0   183
78746   184
7907   185
43197   186
38825   187
29387   188
50535   189
72852   190
0   191
95506   192
4771   193
58776   194
0   195
55590   196
0   197
64407   198
0   199
83007   200
44619   201
69995   202
81857   203
8470   204
43623   205
41492   206
10382   207
46207   208
79851   209
48205   210
10012   211
61446   212
92919   213
0   214
2216   215
38794   216
0   217
95608   218
0   219
0   220
54567   221
79209   222
1046   223
11239   224
22635   225
67285   226
86577   227
39171   228
0   229
75644   230
30893   231
29522   232
42587   233
40904   234
89697   235
89483   236
46655   237
92447   238
0   239
97946   240
27683   241
31872   242
18937   243
50838   244
0   245
94041   246
71925   247
30247   248
65595   249
55453   250
10905   251
86558   252
57023   253
84001   254
63917   255
0   256
87048   257
6704   258
0   259
0   260
0   261
0   262
91312   263
91327   264
19915   265
98752   266
0   267
59477   268
0   269
67708   270
60709   271
59698   272
65019   273
60696   274
79657   275
12475   276
36679   277
0   278
46520   279
0   280
0   281
1107   282
11458   283
0   284
0   285
81780   286
11032   287
0   288
82835   289
42467   290
99300   291
86491   292
11999   293
28828   294
0   295
0   296
42907   297
90309   298
31945   299
96499   300
41911   301
66095   302
2048   303
90319   304
0   305
70856   306
2130   307
31251   308
41903   309
11980   310
64989   311
31263   312
84939   313
0   314
39697   315
10974   316
0   317
47513   318
55957   319
34986   320
12667   321
45688   322
69033   323
0   324
2967   325
27732   326
14669   327
54938   328
0   329
77133   330
31785   331
55942   332
12663   333
0   334
54941   335
89591   336
65334   337
33131   338
73889   339
52742   340
71586   341
66089   342
10949   343
0   344
64294   345
4064   346
0   347
81078   348
54927   349
16004   350
4621   351
12159   352
50144   353
70680   354
57041   355
13998   356
0   357
99668   358
43981   359
96311   360
12310   361
0   362
32945   363
1157   364
47039   365
40191   366
82893   367
0   368
92382   369
56024   370
94945   371
64798   372
51839   373
94948   374
32941   375
0   376
16675   377
56888   378
73628   379
15371   380
16103   381
24676   382
11558   383
0   384
4590   385
22984   386
15089   387
30734   388
51180   389
0   390
62781   391
24391   392
37747   393
43808   394
15081   395
6189   396
38751   397
36044   398
3021   399
61058   400
10414   401
34461   402
49156   403
0   404
45999   405
91724   406
81149   407
93098   408
34470   409
70752   410
0   411
43798   412
0   413
71756   414
0   415
82706   416
30592   417
34477   418
19428   419
0   420
23212   421
20124   422
37616   423
76802   424
80123   425
59229   426
13049   427
51435   428
95767   429
48100   430
20949   431
0   432
60155   433
8720   434
88226   435
61158   436
52228   437
0   438
47093   439
70722   440
88875   441
35235   442
43889   443
53958   444
44895   445
0   446
46432   447
83802   448
74779   449
27112   450
66033   451
53822   452
63650   453
65204   454
68909   455
47066   456
45632   457
94176   458
87708   459
9830   460
26111   461
43876   462
12213   463
39289   464
19222   465
24968   466
37033   467
21782   468
71292   469
0   470
46456   471
44535   472
14422   473
73200   474
6129   475
33838   476
53799   477
97721   478
91037   479
17058   480
58542   481
0   482
18274   483
76693   484
27087   485
0   486
79069   487
51098   488
1795   489
0   490
61801   491
12182   492
89959   493
63164   494
0   495
82754   496
12851   497
3912   498
96674   499
0   500
53698   501
0   502
28749   503
88938   504
85235   505
53760   506
98193   507
99878   508
82111   509
0   510
0   511
70463   512
73510   513
78904   514
39113   515
0   516
20031   517
29116   518
77726   519
0   520
49278   521
92112   522
9324   523
2894   524
32239   525
39980   526
0   527
5946   528
30526   529
0   530
76706   531
79741   532
0   533
84212   534
47997   535
6938   536
68947   537
0   538
5937   539
99846   540
71143   541
1876   542
97165   543
48978   544
16315   545
864   546
14929   547
3347   548
86340   549
10124   550
85197   551
93954   552
38947   553
71120   554
41137   555
0   556
37951   557
71124   558
34885   559
0   560
18979   561
9104   562
43257   563
68357   564
16303   565
12743   566
53837   567
20519   568
0   569
92936   570
27580   571
38934   572
86879   573
32751   574
42782   575
78970   576
0   577
70096   578
48305   579
32054   580
0   581
0   582
48309   583
0   584
16955   585
0   586
44388   587
49381   588
0   589
84028   590
67261   591
23591   592
14267   593
76272   594
47289   595
69254   596
59999   597
55188   598
0   599
50663   600
16614   601
6000   602
82426   603
8006   604
72546   605
55180   606
76782   607
0   608
36339   609
66365   610
31556   611
28318   612
68362   613
0   614
40021   615
12567   616
86187   617
69352   618
82993   619
0   620
3287   621
98892   622
15245   623
76242   624
13235   625
0   626
23233   627
2453   628
90887   629
0   630
0   631
63018   632
22227   633
25928   634
77105   635
0   636
30999   637
0   638
50957   639
48370   640
98398   641
0   642
40369   643
55270   644
56271   645
0   646
81293   647
39473   648
60454   649
17016   650
0   651
68326   652
90402   653
11020   654
4848   655
39354   656
0   657
34288   658
72377   659
96603   660
0   661
95871   662
16333   663
92330   664
60307   665
36152   666
96033   667
3723   668
57876   669
61988   670
0   671
70002   672
95926   673
0   674
0   675
38667   676
75730   677
97887   678
0   679
24178   680
9987   681
68741   682
40506   683
70675   684
44143   685
46863   686
59432   687
51026   688
42003   689
12104   690
28937   691
0   692
0   693
19489   694
50029   695
36122   696
0   697
5264   698
36121   699
70982   700
31423   701
20356   702
25752   703
13959   704
53528   705
0   706
7385   707
86230   708
43119   709
713   710
18349   711
0   712
0   713
4248   714
27337   715
0   716
52367   717
22020   718
56069   719
62929   720
56187   721
69669   722
0   723
11078   724
55063   725
5372   726
63061   727
38282   728
56179   729
0   730
33217   731
51350   732
0   733
43092   734
70558   735
84386   736
0   737
52541   738
33   739
29731   740
59367   741
36   742
6357   743
0   744
82502   745
67757   746
55161   747
39398   748
0   749
68801   750
80688   751
0   752
52544   753
42064   754
68546   755
0   756
95079   757
45260   758
24000   759
0   760
17291   761
6200   762
50313   763
93563   764
3143   765
92364   766
0   767
45975   768
77459   769
51432   770
0   771
90358   772
41522   773
87164   774
0   775
88154   776
49568   777
0   778
16209   779
18406   780
92223   781
7188   782
28277   783
80146   784
28267   785
0   786
26137   787
89581   788
34167   789
7777   790
40966   791
2490   792
55115   793
72240   794
47217   795
0   796
96399   797
0   798
74544   799
0   800
0   801
56005   802
7289   803
68629   804
28255   805
0   806
99598   807
89015   808
7283   809
57061   810
0   811
54102   812
35143   813
15009   814
74421   815
28025   816
76539   817
71765   818
60876   819
72222   820
65479   821
20236   822
9469   823
10583   824
0   825
75629   826
0   827
64819   828
77535   829
24548   830
43509   831
72657   832
3579   833
0   834
0   835
1454   836
0   837
0   838
62824   839
54426   840
33467   841
3568   842
25644   843
93899   844
0   845
26212   846
0   847
41354   848
13139   849
605   850
72313   851
7246   852
23842   853
73316   854
78085   855
29063   856
72307   857
1424   858
0   859
18198   860
4111   861
66116   862
85269   863
76490   864
60235   865
63813   866
8417   867
84262   868
94810   869
78196   870
92261   871
48522   872
411   873
75480   874
59050   875
73669   876
2543   877
29244   878
24373   879
59578   880
76347   881
0   882
37129   883
42454   884
75479   885
0   886
99141   887
35546   888
0   889
94837   890
17161   891
0   892
0   893
79172   894
0   895
72721   896
2654   897
62264   898
85353   899
51310   900
62098   901
35649   902
19645   903
93602   904
27531   905
30083   906
0   907
0   908
511   909
85703   910
65389   911
0   912
67670   913
51739   914
97090   915
25715   916
92599   917
90212   918
37904   919
58727   920
57678   921
19616   922
0   923
47606   924
13559   925
492   926
25517   927
55879   928
15419   929
10352   930
29185   931
14550   932
39575   933
30143   934
84325   935
85314   936
23307   937
83312   938
0   939
91574   940
28631   941
91119   942
19605   943
22298   944
13531   945
88368   946
65196   947
18598   948
69415   949
20743   950
58744   951
64338   952
55744   953
0   954
56948   955
22294   956
42255   957
30292   958
39677   959
36474   960
84651   961
72165   962
22754   963
96211   964
455   965
96209   966
96357   967
98983   968
34339   969
0   970
73705   971
38534   972
27599   973
69913   974
44725   975
81153   976
75379   977
91187   978
86465   979
84638   980
22399   981
0   982
60613   983
34047   984
14363   985
66496   986
92649   987
52734   988
34327   989
4492   990
59040   991
24247   992
8291   993
96320   994
23377   995
96243   996
63303   997
30636   998
71557   999
